264.7267
264.7906
264.6948
264.6948
264.9183
264.9183
265.1737
265.2375
264.4394
264.8544
264.631
264.7906
264.7906
264.6948
264.3756
264.9183
265.5248
265.5887
263.8009
264.2479
264.4075
264.3117
264.2798
264.184
263.8328
263.6413
264.5033
264.4075
263.5455
260.1935
260.3531
261.8855
261.5662
261.7578
261.7578
260.5127
261.2789
261.215
261.247
260.4808
261.662
260.6404
260.4808
259.8423
261.5343
261.5343
263.0986
262.5559
261.7578
261.247
260.8319
263.1944
264.1521
263.0347
261.7897
262.3005
262.3005
265.461
265.7802
265.7802
265.7802
264.4713
262.7155
261.215
262.3005
261.215
261.247
260.7362
261.8855
262.1728
261.0873
261.215
261.8216
261.7897
262.0451
262.077
264.631
264.5352
264.8544
264.599
265.3333
265.3333
266.4187
266.4187
265.7802
264.8544
266.7699
266.3868
266.8337
266.8337
266.0995
266.1314
266.2272
266.291
266.0995
266.0995
266.0995
266.0356
265.9718
266.0356
266.0356
266.0356
266.1314
266.5145
266.5783
266.6103
266.5783
266.4826
266.3868
266.291
265.6525
265.9718
265.876
265.7483
265.6525
265.0779
265.0779
264.7587
265.3014
265.3333
265.5248
265.9399
266.0676
265.5568
264.6948
263.6413
262.4282
260.9916
260.6404
260.9596
260.0019
258.6611
256.6179
256.5222
256.171
256.586
255.6283
253.8405
253.202
253.2659
252.372
250.7758
242.1242
240.3684
238.3252
238.3252
237.2398
236.6013
234.3666
233.9197
234.0155
232.1638
232.1
229.8014
228.3329
224.4062
221.5649
220.5114
219.1387
218.6279
219.011
219.9687
220.1922
219.2345
218.0852
217.8936
217.8617
217.8617
217.9256
217.6063
217.319
216.3613
214.9885
213.1369
212.4346
212.4026
212.3707
212.0834
211.9557
212.9453
212.9453
212.4665
210.7426
208.6356
208.2205
209.5294
209.4337
210.4552
207.1032
205.2835
205.2835
205.1239
205.5389
205.5389
205.2516
204.1981
203.3042
203.1126
203.368
203.815
204.23
204.8365
205.0281
204.5492
205.1239
205.3473
204.9962
204.645
205.4431
206.2731
207.4543
207.7097
208.7313
208.6675
208.4121
208.859
208.8909
206.9116
206.9116
206.7839
206.5605
206.7839
206.3051
206.2093
206.6882
206.752
206.752
206.4966
206.4966
206.5605
206.6243
206.6243
206.5605
205.4112
205.1239
204.9642
204.8685
205.0281
204.0704
204.1023
204.1661
204.3577
204.2619
203.6873
203.4957
203.2084
203.0169
202.123
201.6441
201.5803
199.6329
200.1756
200.4948
201.3887
201.8995
201.708
201.1652
199.6967
201.5483
201.708
201.3249
200.1756
200.7821
201.5483
202.8253
203.3361
202.8892
201.708
201.1972
201.1972
200.6225
200.0798
199.3136
198.292
197.462
198.4517
199.0263
200.3352
200.2075
198.8986
199.154
199.6648
199.154
200.3991
200.7502
200.846
200.2394
200.2075
200.0798
200.2394
199.7606
199.7606
199.7925
199.7606
199.1221
197.8451
197.5897
196.7277
195.6423
195.4827
195.1315
194.8761
194.4611
193.6311
193.6311
194.3015
194.3653
194.3015
194.3334
193.9184
193.7269
192.0029
190.7579
190.726
189.8321
189.4809
189.6725
189.9279
188.8105
188.0124
187.8847
187.8528
187.6293
187.6612
187.4377
187.1185
186.9908
187.31
187.0547
186.4481
186.895
187.0227
186.7673
186.8312
186.4162
186.48
186.5119
186.48
186.6077
187.1504
188.0762
188.0443
188.3955
188.3316
188.2359
187.9485
187.6931
186.927
186.48
186.1288
184.9157
184.8838
185.1073
185.3307
185.2669
185.1392
185.1392
185.1073
185.1392
184.5646
184.4369
184.4049
184.8519
185.203
184.373
185.7138
186.2246
186.0969
185.8096
185.4584
184.6922
184.0857
184.0538
182.4575
182.4895
181.436
180.159
179.0736
178.1158
179.9674
178.6585
177.9562
178.9139
178.7224
177.4454
176.3919
175.8492
175.3703
175.2745
174.9872
174.4445
173.1995
172.4971
171.7629
169.3366
168.9854
166.1122
164.7395
164.4522
164.8672
163.5264
163.3987
165.7292
165.793
165.6334
165.3141
163.9414
163.4944
164.1329
165.9845
163.686
165.8569
166.1442
166.0803
165.7611
166.0484
166.623
169.7836
170.3263
170.2624
170.1028
169.9751
169.4005
169.7836
168.8258
168.1873
168.1873
168.1873
168.0277
168.4427
168.2831
167.6446
167.0061
166.3676
166.655
165.5695
160.0785
159.7593
160.3339
163.4625
163.686
162.2494
159.6635
158.5462
157.5246
158.1311
156.7584
156.7584
155.8645
155.1622
156.7265
155.1303
154.7791
153.7894
153.3744
152.5444
151.5866
150.3735
147.9792
146.9895
146.8938
146.0956
144.9464
143.414
142.9032
142.9351
141.5624
141.3708
139.5192
139.3915
140.7004
140.9239
139.6469
139.1681
139.4554
139.4554
139.6788
139.5192
139.0723
138.8169
138.7211
138.1145
137.8591
136.9972
137.5718
138.3699
139.0084
139.2319
140.7323
141.9135
143.0309
143.5736
144.1483
144.6271
145.9679
146.7661
146.8938
147.7876
147.5003
147.9153
148.2665
147.213
146.2233
146.0318
145.8403
143.3182
143.3182
143.5417
143.3501
143.1586
142.8394
143.5736
143.2224
143.0628
142.8074
142.552
142.137
140.9558
140.6685
140.3812
140.0939
140.1577
139.8704
138.9446
138.3061
138.0826
137.7634
136.9972
136.6779
136.231
134.3794
132.9109
132.7193
132.5916
131.9531
129.91
126.3344
125.6002
125.5363
124.5467
124.5467
123.8443
123.6209
124.4509
124.7382
123.142
123.142
122.5674
121.3862
120.3646
120.1411
120.9711
121.1627
121.6096
120.588
119.4707
120.2688
119.2153
117.7149
117.2041
118.481
118.7364
115.4163
115.0971
115.9909
115.544
114.6501
114.6501
114.0116
113.7243
114.0755
110.883
110.5319
110.7553
112.7346
112.1281
110.8192
109.6061
109.191
107.3394
105.7432
103.6043
104.3385
103.6681
103.6681
102.0719
101.2099
102.04
101.8484
98.5602
97.794
100.7311
99.1668
93.58
93.3885
92.4946
95.6232
93.4204
91.888
92.4626
95.4316
95.1124
93.1331
89.8129
87.8336
86.9397
86.397
86.0778
86.2055
86.844
86.9717
84.8966
83.7792
82.9492
82.4384
83.013
81.353
82.8534
83.428
84.3858
85.3435
83.5877
81.9914
82.6299
83.013
84.8646
85.0243
86.3332
86.3332
86.3012
84.3539
83.7154
83.7154
83.2684
83.1088
85.3754
86.0458
85.4074
81.4807
79.6929
79.629
80.3314
82.0234
81.7041
81.7041
81.5764
82.0234
82.6938
82.6299
79.1502
79.0544
83.9388
86.0458
88.8233
89.0467
89.1106
90.0045
90.8345
90.8345
93.58
97.2832
98.8475
102.8381
103.9874
105.0089
105.9667
106.4775
109.6061
110.883
111.5215
113.8839
115.7994
116.2783
117.2998
118.1299
122.2481
123.3655
124.5147
128.9203
129.5907
131.3146
132.2085
134.0282
134.6348
135.3052
137.4441
137.8272
138.4338
142.3605
142.8074
146.8299
146.6064
147.2768
150.0223
150.0223
150.4054
151.2993
152.0974
152.5125
155.1303
161.0043
161.6109
162.1855
164.4203
164.4841
165.6334
167.4531
169.4643
170.6774
173.6783
174.2849
175.0192
174.9234
175.5938
177.3177
177.3816
178.3074
180.0951
180.3505
181.1167
180.989
184.788
186.2885
189.4171
191.9391
193.1203
194.3334
194.3015
195.1315
195.8019
197.2705
200.2075
201.0375
200.1756
201.261
204.23
205.1558
205.1558
205.9858
207.9651
208.3802
209.1783
209.6252
212.4026
216.8082
218.7237
219.6175
221.5649
222.81
225.9067
226.6728
226.7686
228.8437
229.7695
231.0465
233.0577
236.1863
235.3563
237.3037
238.2614
239.6341
239.6341
240.2407
241.39
244.2951
245.2528
245.7636
247.8387
247.6472
248.3176
248.9561
250.5523
253.1701
253.3936
253.3936
253.4574
254.7025
256.5541
256.4264
256.3945
257.863
258.2461
259.3315
259.3315
259.2677
259.555
262.1089
264.3117
265.2375
265.7483
265.9399
267.5361
270.7285
271.4309
271.5905
270.0581
269.4835
270.3454
270.952
271.6543
272.1013
272.7078
275.2937
276.6665
278.6777
279.827
279.827
280.0185
280.1781
282.5725
284.1368
285.4137
286.5311
286.6907
287.3611
287.84
288.1912
289.0212
294.2887
294.8314
295.438
296.3957
297.2896
297.7366
298.1516
298.1516
299.6201
301.4398
304.0576
304.0576
306.1965
308.3355
312.9326
313.0283
315.9973
316.6997
318.5832
321.2648
321.9353
322.2864
322.478
323.2122
324.2019
324.2019
325.0
324.2019
324.2019
323.2122
322.478
322.2864
321.9353
321.2648
318.5832
316.6997
315.9973
313.0283
312.9326
308.3355
306.1965
304.0576
304.0576
301.4398
299.6201
298.1516
298.1516
297.7366
297.2896
296.3957
295.438
294.8314
294.2887
289.0212
288.1912
287.84
287.3611
286.6907
286.5311
285.4137
284.1368
282.5725
280.1781
280.0185
279.827
279.827
278.6777
276.6665
275.2937
272.7078
272.1013
271.6543
270.952
270.3454
269.4835
270.0581
271.5905
271.4309
270.7285
267.5361
265.9399
265.7483
265.2375
264.3117
262.1089
259.555
259.2677
259.3315
259.3315
258.2461
257.863
256.3945
256.4264
256.5541
254.7025
253.4574
253.3936
253.3936
253.1701
250.5523
248.9561
248.3176
247.6472
247.8387
245.7636
245.2528
244.2951
241.39
240.2407
239.6341
239.6341
238.2614
237.3037
235.3563
236.1863
233.0577
231.0465
229.7695
228.8437
226.7686
226.6728
225.9067
222.81
221.5649
219.6175
218.7237
216.8082
212.4026
209.6252
209.1783
208.3802
207.9651
205.9858
205.1558
205.1558
204.23
201.261
200.1756
201.0375
200.2075
197.2705
195.8019
195.1315
194.3015
194.3334
193.1203
191.9391
189.4171
186.2885
184.788
181.2125
181.1167
179.9994
180.1909
177.9243
177.3816
177.3177
175.5938
174.9234
175.0192
174.2849
173.6783
170.6774
169.4643
167.4531
164.4203
164.4203
165.6653
165.0907
165.1226
167.8362
167.8362
166.4953
165.4418
160.6851
158.4504
158.4504
157.2053
150.8524
144.1802
133.0066
130.1015
129.7823
129.5269
129.6546
127.6753
124.1636
121.7054
121.9927
121.8969
121.4181
121.0669
118.928
118.6087
118.3214
115.8952
112.2877
111.6492
111.5534
111.1065
106.7009
106.9563
106.2859
106.2859
103.7958
103.3489
104.4981
102.2954
101.6888
102.5508
102.2634
102.2634
100.7311
98.4006
97.9856
96.3255
95.7189
95.6232
95.0804
95.0485
95.5274
97.6983
98.1771
98.2729
98.1452
97.6983
95.3039
94.5697
94.6016
93.2927
90.6749
87.8017
86.5886
85.6947
85.7585
85.8543
84.9604
84.4496
83.1088
82.2468
82.0553
82.0872
81.8318
81.4487
81.6722
81.768
82.5022
82.183
82.4703
82.0872
81.4807
81.5126
82.598
82.6299
82.0553
80.3952
79.5333
79.5652
81.9276
82.5342
79.2779
77.6178
77.522
78.8629
79.0225
78.1605
77.6816
77.2666
77.6497
78.7032
80.2995
80.0441
79.9802
78.0647
78.2244
79.1821
79.1821
75.0
78.7671
78.4478
77.1389
77.1389
77.1389
77.9051
78.7671
78.8948
78.9586
78.5117
78.1286
78.0967
80.1079
80.6825
80.7464
81.353
81.8318
83.3961
83.1088
82.0872
82.4703
82.6299
81.6084
80.4591
78.8309
78.6713
78.0009
77.3624
77.3943
78.384
80.2675
82.4703
83.3642
88.3444
88.7913
88.7275
88.3444
88.7913
89.6533
90.2918
90.196
90.1002
90.643
90.643
90.4833
89.8129
90.0364
90.643
90.7707
90.8984
92.5584
91.6965
91.7603
93.5162
94.41
92.4307
91.6326
91.4411
91.9838
92.0476
91.9838
91.9838
91.3453
91.6007
92.8457
92.8777
92.6542
92.2711
92.1115
90.7387
89.5575
88.9829
89.4937
89.0467
89.9725
92.2711
92.8457
93.0054
91.8561
92.1434
92.5903
92.1753
92.2073
92.1115
92.6861
93.0373
94.8889
96.4213
98.5602
99.3264
100.4757
101.625
102.6785
104.4024
104.977
106.6052
107.8183
108.8718
108.2333
107.1798
108.0418
107.9141
108.8079
109.3187
109.7976
111.8408
112.1281
112.4154
112.2877
112.3835
113.3093
116.406
118.481
118.7684
119.5665
121.4181
121.8012
123.1739
126.4941
128.1541
128.5691
129.048
131.155
131.7297
134.3475
135.2733
137.5399
139.0404
141.0197
144.4675
145.6806
145.8722
144.4994
148.8731
150.1181
151.6505
154.6833
155.0026
155.4176
156.2795
157.0457
158.0034
159.9189
159.5039
158.3546
158.9612
160.9405
161.9301
163.0794
162.8879
161.3236
162.4729
165.1226
167.0061
167.6765
167.1658
167.1658
167.2934
167.1019
167.0061
167.5808
168.4427
169.4005
169.7197
170.3901
170.869
171.7629
172.4652
176.2642
177.5731
177.9881
178.02
178.02
177.4773
175.5299
174.253
174.6041
175.5299
176.0088
177.3177
179.3609
179.9674
179.9036
180.5102
181.0529
182.1064
184.8519
186.2885
186.3204
186.3204
186.48
188.2678
189.449
189.2255
188.4913
189.7044
189.002
188.8743
188.5551
187.5974
187.1185
190.7579
191.3325
192.5776
192.7053
192.4499
193.4076
194.0142
195.0358
197.5259
197.4939
197.8451
199.6009
199.3455
198.1643
197.909
197.909
198.292
198.292
198.739
198.6751
197.4939
197.5259
197.4301
197.7493
197.4301
196.4085
195.9935
195.6104
195.4508
202.3464
203.0807
202.9849
202.9849
203.3361
202.8253
201.4845
200.846
200.7502
201.3249
201.708
201.5483
199.6967
201.1652
201.708
201.8995
201.3887
200.4948
200.1756
199.6329
201.5803
201.6441
202.123
203.0169
203.2084
203.4957
203.6873
204.2619
204.3577
204.1661
204.1023
204.0704
205.0281
204.8685
204.9642
205.1239
205.4112
206.5605
206.5605
206.4647
206.4647
206.4966
206.4966
206.752
206.7839
206.3689
206.3689
206.7201
206.6243
206.7839
206.9116
206.9116
208.8909
208.859
208.4121
208.6675
208.7313
208.029
207.4543
206.4647
205.4431
204.4854
204.9962
205.3473
205.1239
204.5492
205.0281
204.8365
204.23
203.815
203.368
203.1126
203.3042
204.1981
205.2516
205.5389
205.5389
205.1239
205.2835
205.2835
207.1032
210.4552
209.4337
209.5294
208.2205
208.6356
210.7426
212.4665
212.9453
212.9453
211.9557
212.0834
212.3707
212.4026
212.4346
213.1369
214.9885
216.3613
217.319
217.6063
217.9256
217.8617
217.8617
217.8936
218.0852
219.2345
220.1922
219.9687
219.011
218.6279
219.1387
220.5114
221.5649
224.4062
228.3329
229.8014
232.1
232.1638
234.0155
233.9197
234.3666
236.6013
237.2398
238.3252
238.3252
240.3684
242.1242
250.7758
252.372
253.2659
253.202
253.8405
255.6283
256.586
256.171
256.5222
256.6179
258.6611
260.0019
260.9596
260.6404
260.9916
262.4282
263.6413
264.6948
265.5568
266.0676
265.9399
265.5248
265.1417
264.7267
265.1417
265.1417
265.5248
265.876
265.9718
265.6525
266.0676
266.3868
266.3868
266.4187
266.4826
266.5783
266.4826
266.0676
265.9718
266.0676
266.1314
266.1314
266.0995
266.1314
266.1314
266.1314
266.291
266.2272
266.1314
266.0995
266.8337
266.8337
266.3868
266.7699
264.8544
265.7802
266.4187
266.4187
265.3333
265.3333
264.599
264.8544
264.5352
264.631
262.077
262.0451
261.9493
261.8216
261.4385
261.0873
262.1728
261.8855
260.7362
261.247
261.1512
262.1728
262.7155
261.6301
262.3324
264.4713
265.7802
265.7802
265.7802
265.461
262.3005
262.3005
261.7897
263.0347
264.1521
263.1944
260.8319
261.247
261.7578
262.5559
263.0986
261.5343
261.5343
259.8423
260.4808
260.6404
261.662
260.4808
261.247
261.215
261.2789
260.5127
261.7578
261.7578
261.5662
261.8855
260.3531
260.1935
264.4713
265.1098
263.6413
263.8328
264.184
264.2798
264.3117
264.4075
264.2479
263.8009
265.6525
264.5352
264.631
264.8863
264.8863
264.8863
264.9821
264.9821
264.1202
264.7906
265.9399
265.6206
265.2694
264.8863
264.8863
264.9502
264.9502
264.3436
264.1202
264.1202
264.2159
264.3756
264.9183
264.9183
264.6948
264.6948
264.7906
